-2.0
-1.997997997997998
-1.995995995995996
-1.993993993993994
-1.991991991991992
-1.98998998998999
-1.987987987987988
-1.985985985985986
-1.983983983983984
-1.981981981981982
-1.97997997997998
-1.977977977977978
-1.975975975975976
-1.973973973973974
-1.971971971971972
-1.96996996996997
-1.967967967967968
-1.965965965965966
-1.9639639639639639
-1.961961961961962
-1.95995995995996
-1.957957957957958
-1.955955955955956
-1.9539539539539539
-1.951951951951952
-1.94994994994995
-1.947947947947948
-1.945945945945946
-1.9439439439439439
-1.941941941941942
-1.93993993993994
-1.937937937937938
-1.935935935935936
-1.9339339339339339
-1.931931931931932
-1.92992992992993
-1.927927927927928
-1.925925925925926
-1.9239239239239239
-1.921921921921922
-1.91991991991992
-1.917917917917918
-1.915915915915916
-1.9139139139139139
-1.911911911911912
-1.90990990990991
-1.907907907907908
-1.9059059059059058
-1.9039039039039038
-1.901901901901902
-1.8998998998999
-1.897897897897898
-1.8958958958958958
-1.8938938938938938
-1.8918918918918919
-1.88988988988989
-1.887887887887888
-1.8858858858858858
-1.8838838838838838
-1.8818818818818819
-1.87987987987988
-1.877877877877878
-1.8758758758758758
-1.8738738738738738
-1.8718718718718719
-1.86986986986987
-1.867867867867868
-1.8658658658658658
-1.8638638638638638
-1.8618618618618619
-1.85985985985986
-1.857857857857858
-1.8558558558558558
-1.8538538538538538
-1.8518518518518519
-1.84984984984985
-1.8478478478478477
-1.8458458458458458
-1.8438438438438438
-1.8418418418418419
-1.83983983983984
-1.8378378378378377
-1.8358358358358358
-1.8338338338338338
-1.8318318318318318
-1.82982982982983
-1.8278278278278277
-1.8258258258258258
-1.8238238238238238
-1.8218218218218218
-1.8198198198198199
-1.8178178178178177
-1.8158158158158157
-1.8138138138138138
-1.8118118118118118
-1.8098098098098099
-1.8078078078078077
-1.8058058058058057
-1.8038038038038038
-1.8018018018018018
-1.7997997997997999
-1.7977977977977977
-1.7957957957957957
-1.7937937937937938
-1.7917917917917918
-1.7897897897897899
-1.7877877877877877
-1.7857857857857857
-1.7837837837837838
-1.7817817817817818
-1.7797797797797799
-1.7777777777777777
-1.7757757757757757
-1.7737737737737738
-1.7717717717717718
-1.7697697697697699
-1.7677677677677677
-1.7657657657657657
-1.7637637637637638
-1.7617617617617618
-1.7597597597597598
-1.7577577577577577
-1.7557557557557557
-1.7537537537537538
-1.7517517517517518
-1.7497497497497498
-1.7477477477477477
-1.7457457457457457
-1.7437437437437437
-1.7417417417417418
-1.7397397397397398
-1.7377377377377377
-1.7357357357357357
-1.7337337337337337
-1.7317317317317318
-1.7297297297297298
-1.7277277277277276
-1.7257257257257257
-1.7237237237237237
-1.7217217217217218
-1.7197197197197198
-1.7177177177177176
-1.7157157157157157
-1.7137137137137137
-1.7117117117117118
-1.7097097097097098
-1.7077077077077076
-1.7057057057057057
-1.7037037037037037
-1.7017017017017018
-1.6996996996996998
-1.6976976976976976
-1.6956956956956957
-1.6936936936936937
-1.6916916916916918
-1.6896896896896898
-1.6876876876876876
-1.6856856856856857
-1.6836836836836837
-1.6816816816816818
-1.6796796796796798
-1.6776776776776776
-1.6756756756756757
-1.6736736736736737
-1.6716716716716717
-1.6696696696696698
-1.6676676676676676
-1.6656656656656657
-1.6636636636636637
-1.6616616616616617
-1.6596596596596598
-1.6576576576576576
-1.6556556556556556
-1.6536536536536537
-1.6516516516516517
-1.6496496496496498
-1.6476476476476476
-1.6456456456456456
-1.6436436436436437
-1.6416416416416417
-1.6396396396396398
-1.6376376376376376
-1.6356356356356356
-1.6336336336336337
-1.6316316316316315
-1.6296296296296298
-1.6276276276276276
-1.6256256256256256
-1.6236236236236237
-1.6216216216216215
-1.6196196196196198
-1.6176176176176176
-1.6156156156156156
-1.6136136136136137
-1.6116116116116115
-1.6096096096096097
-1.6076076076076076
-1.6056056056056056
-1.6036036036036037
-1.6016016016016015
-1.5995995995995997
-1.5975975975975976
-1.5955955955955956
-1.5935935935935936
-1.5915915915915915
-1.5895895895895895
-1.5875875875875876
-1.5855855855855856
-1.5835835835835836
-1.5815815815815815
-1.5795795795795795
-1.5775775775775776
-1.5755755755755756
-1.5735735735735736
-1.5715715715715715
-1.5695695695695695
-1.5675675675675675
-1.5655655655655656
-1.5635635635635636
-1.5615615615615615
-1.5595595595595595
-1.5575575575575575
-1.5555555555555556
-1.5535535535535536
-1.5515515515515514
-1.5495495495495495
-1.5475475475475475
-1.5455455455455456
-1.5435435435435436
-1.5415415415415414
-1.5395395395395395
-1.5375375375375375
-1.5355355355355356
-1.5335335335335336
-1.5315315315315314
-1.5295295295295295
-1.5275275275275275
-1.5255255255255256
-1.5235235235235236
-1.5215215215215214
-1.5195195195195195
-1.5175175175175175
-1.5155155155155156
-1.5135135135135136
-1.5115115115115114
-1.5095095095095095
-1.5075075075075075
-1.5055055055055055
-1.5035035035035036
-1.5015015015015014
-1.4994994994994995
-1.4974974974974975
-1.4954954954954955
-1.4934934934934936
-1.4914914914914914
-1.4894894894894894
-1.4874874874874875
-1.4854854854854855
-1.4834834834834836
-1.4814814814814814
-1.4794794794794794
-1.4774774774774775
-1.4754754754754755
-1.4734734734734736
-1.4714714714714714
-1.4694694694694694
-1.4674674674674675
-1.4654654654654655
-1.4634634634634636
-1.4614614614614614
-1.4594594594594594
-1.4574574574574575
-1.4554554554554555
-1.4534534534534536
-1.4514514514514514
-1.4494494494494494
-1.4474474474474475
-1.4454454454454453
-1.4434434434434436
-1.4414414414414414
-1.4394394394394394
-1.4374374374374375
-1.4354354354354353
-1.4334334334334335
-1.4314314314314314
-1.4294294294294294
-1.4274274274274275
-1.4254254254254253
-1.4234234234234235
-1.4214214214214214
-1.4194194194194194
-1.4174174174174174
-1.4154154154154153
-1.4134134134134135
-1.4114114114114114
-1.4094094094094094
-1.4074074074074074
-1.4054054054054053
-1.4034034034034035
-1.4014014014014013
-1.3993993993993994
-1.3973973973973974
-1.3953953953953953
-1.3933933933933935
-1.3913913913913913
-1.3893893893893894
-1.3873873873873874
-1.3853853853853852
-1.3833833833833835
-1.3813813813813813
-1.3793793793793794
-1.3773773773773774
-1.3753753753753752
-1.3733733733733735
-1.3713713713713713
-1.3693693693693694
-1.3673673673673674
-1.3653653653653652
-1.3633633633633635
-1.3613613613613613
-1.3593593593593594
-1.3573573573573574
-1.3553553553553552
-1.3533533533533535
-1.3513513513513513
-1.3493493493493494
-1.3473473473473474
-1.3453453453453452
-1.3433433433433435
-1.3413413413413413
-1.3393393393393394
-1.3373373373373374
-1.3353353353353352
-1.3333333333333335
-1.3313313313313313
-1.3293293293293293
-1.3273273273273274
-1.3253253253253252
-1.3233233233233235
-1.3213213213213213
-1.3193193193193193
-1.3173173173173174
-1.3153153153153152
-1.3133133133133135
-1.3113113113113113
-1.3093093093093093
-1.3073073073073074
-1.3053053053053052
-1.3033033033033035
-1.3013013013013013
-1.2992992992992993
-1.2972972972972974
-1.2952952952952952
-1.2932932932932935
-1.2912912912912913
-1.2892892892892893
-1.2872872872872874
-1.2852852852852852
-1.2832832832832834
-1.2812812812812813
-1.2792792792792793
-1.2772772772772774
-1.2752752752752752
-1.2732732732732734
-1.2712712712712713
-1.2692692692692693
-1.2672672672672673
-1.2652652652652652
-1.2632632632632632
-1.2612612612612613
-1.2592592592592593
-1.2572572572572573
-1.2552552552552552
-1.2532532532532532
-1.2512512512512513
-1.2492492492492493
-1.2472472472472473
-1.2452452452452452
-1.2432432432432432
-1.2412412412412412
-1.2392392392392393
-1.2372372372372373
-1.2352352352352352
-1.2332332332332332
-1.2312312312312312
-1.2292292292292293
-1.2272272272272273
-1.2252252252252251
-1.2232232232232232
-1.2212212212212212
-1.2192192192192193
-1.2172172172172173
-1.2152152152152151
-1.2132132132132132
-1.2112112112112112
-1.2092092092092093
-1.2072072072072073
-1.2052052052052051
-1.2032032032032032
-1.2012012012012012
-1.1991991991991993
-1.1971971971971973
-1.1951951951951951
-1.1931931931931932
-1.1911911911911912
-1.189189189189189
-1.1871871871871873
-1.1851851851851851
-1.1831831831831832
-1.1811811811811812
-1.179179179179179
-1.1771771771771773
-1.1751751751751751
-1.1731731731731732
-1.1711711711711712
-1.169169169169169
-1.1671671671671673
-1.165165165165165
-1.1631631631631631
-1.1611611611611612
-1.159159159159159
-1.1571571571571573
-1.155155155155155
-1.1531531531531531
-1.1511511511511512
-1.149149149149149
-1.1471471471471473
-1.145145145145145
-1.1431431431431431
-1.1411411411411412
-1.139139139139139
-1.1371371371371373
-1.135135135135135
-1.1331331331331331
-1.1311311311311312
-1.129129129129129
-1.1271271271271273
-1.125125125125125
-1.1231231231231231
-1.1211211211211212
-1.119119119119119
-1.1171171171171173
-1.115115115115115
-1.1131131131131131
-1.1111111111111112
-1.109109109109109
-1.1071071071071072
-1.105105105105105
-1.103103103103103
-1.1011011011011012
-1.099099099099099
-1.0970970970970972
-1.095095095095095
-1.093093093093093
-1.0910910910910911
-1.089089089089089
-1.0870870870870872
-1.085085085085085
-1.083083083083083
-1.0810810810810811
-1.079079079079079
-1.0770770770770772
-1.075075075075075
-1.073073073073073
-1.0710710710710711
-1.069069069069069
-1.0670670670670672
-1.065065065065065
-1.063063063063063
-1.0610610610610611
-1.059059059059059
-1.0570570570570572
-1.055055055055055
-1.053053053053053
-1.0510510510510511
-1.049049049049049
-1.0470470470470472
-1.045045045045045
-1.043043043043043
-1.0410410410410411
-1.039039039039039
-1.0370370370370372
-1.035035035035035
-1.033033033033033
-1.031031031031031
-1.029029029029029
-1.0270270270270272
-1.025025025025025
-1.023023023023023
-1.021021021021021
-1.019019019019019
-1.0170170170170172
-1.015015015015015
-1.013013013013013
-1.011011011011011
-1.009009009009009
-1.007007007007007
-1.005005005005005
-1.003003003003003
-1.001001001001001
-0.9989989989989989
-0.996996996996997
-0.994994994994995
-0.992992992992993
-0.9909909909909911
-0.9889889889889889
-0.986986986986987
-0.984984984984985
-0.982982982982983
-0.9809809809809811
-0.9789789789789789
-0.9769769769769769
-0.974974974974975
-0.972972972972973
-0.9709709709709711
-0.9689689689689689
-0.9669669669669669
-0.964964964964965
-0.962962962962963
-0.9609609609609611
-0.9589589589589589
-0.9569569569569569
-0.954954954954955
-0.952952952952953
-0.9509509509509511
-0.9489489489489489
-0.9469469469469469
-0.944944944944945
-0.942942942942943
-0.940940940940941
-0.9389389389389389
-0.9369369369369369
-0.934934934934935
-0.932932932932933
-0.930930930930931
-0.9289289289289289
-0.9269269269269269
-0.924924924924925
-0.922922922922923
-0.920920920920921
-0.9189189189189189
-0.9169169169169169
-0.914914914914915
-0.912912912912913
-0.910910910910911
-0.9089089089089089
-0.9069069069069069
-0.9049049049049049
-0.902902902902903
-0.9009009009009008
-0.8988988988988988
-0.8968968968968969
-0.8948948948948949
-0.892892892892893
-0.8908908908908908
-0.8888888888888888
-0.8868868868868869
-0.8848848848848849
-0.882882882882883
-0.8808808808808808
-0.8788788788788788
-0.8768768768768769
-0.8748748748748749
-0.872872872872873
-0.8708708708708708
-0.8688688688688688
-0.8668668668668669
-0.8648648648648649
-0.862862862862863
-0.8608608608608608
-0.8588588588588588
-0.8568568568568569
-0.8548548548548549
-0.852852852852853
-0.8508508508508508
-0.8488488488488488
-0.8468468468468469
-0.8448448448448449
-0.8428428428428429
-0.8408408408408408
-0.8388388388388388
-0.8368368368368369
-0.8348348348348349
-0.8328328328328329
-0.8308308308308308
-0.8288288288288288
-0.8268268268268268
-0.8248248248248249
-0.8228228228228229
-0.8208208208208208
-0.8188188188188188
-0.8168168168168168
-0.8148148148148149
-0.8128128128128129
-0.8108108108108107
-0.8088088088088088
-0.8068068068068068
-0.8048048048048049
-0.8028028028028029
-0.8008008008008007
-0.7987987987987988
-0.7967967967967968
-0.7947947947947949
-0.7927927927927929
-0.7907907907907907
-0.7887887887887888
-0.7867867867867868
-0.7847847847847849
-0.7827827827827827
-0.7807807807807807
-0.7787787787787788
-0.7767767767767768
-0.7747747747747749
-0.7727727727727727
-0.7707707707707707
-0.7687687687687688
-0.7667667667667668
-0.7647647647647648
-0.7627627627627627
-0.7607607607607607
-0.7587587587587588
-0.7567567567567568
-0.7547547547547548
-0.7527527527527527
-0.7507507507507507
-0.7487487487487487
-0.7467467467467468
-0.7447447447447448
-0.7427427427427427
-0.7407407407407407
-0.7387387387387387
-0.7367367367367368
-0.7347347347347348
-0.7327327327327327
-0.7307307307307307
-0.7287287287287287
-0.7267267267267268
-0.7247247247247248
-0.7227227227227226
-0.7207207207207207
-0.7187187187187187
-0.7167167167167168
-0.7147147147147148
-0.7127127127127126
-0.7107107107107107
-0.7087087087087087
-0.7067067067067068
-0.7047047047047048
-0.7027027027027026
-0.7007007007007007
-0.6986986986986987
-0.6966966966966968
-0.6946946946946948
-0.6926926926926926
-0.6906906906906907
-0.6886886886886887
-0.6866866866866868
-0.6846846846846848
-0.6826826826826826
-0.6806806806806807
-0.6786786786786787
-0.6766766766766767
-0.6746746746746748
-0.6726726726726726
-0.6706706706706707
-0.6686686686686687
-0.6666666666666667
-0.6646646646646648
-0.6626626626626626
-0.6606606606606606
-0.6586586586586587
-0.6566566566566567
-0.6546546546546548
-0.6526526526526526
-0.6506506506506506
-0.6486486486486487
-0.6466466466466467
-0.6446446446446445
-0.6426426426426426
-0.6406406406406406
-0.6386386386386387
-0.6366366366366367
-0.6346346346346345
-0.6326326326326326
-0.6306306306306306
-0.6286286286286287
-0.6266266266266267
-0.6246246246246245
-0.6226226226226226
-0.6206206206206206
-0.6186186186186187
-0.6166166166166167
-0.6146146146146145
-0.6126126126126126
-0.6106106106106106
-0.6086086086086087
-0.6066066066066067
-0.6046046046046045
-0.6026026026026026
-0.6006006006006006
-0.5985985985985987
-0.5965965965965967
-0.5945945945945945
-0.5925925925925926
-0.5905905905905906
-0.5885885885885886
-0.5865865865865867
-0.5845845845845845
-0.5825825825825826
-0.5805805805805806
-0.5785785785785786
-0.5765765765765767
-0.5745745745745745
-0.5725725725725725
-0.5705705705705706
-0.5685685685685686
-0.5665665665665667
-0.5645645645645645
-0.5625625625625625
-0.5605605605605606
-0.5585585585585586
-0.5565565565565567
-0.5545545545545545
-0.5525525525525525
-0.5505505505505506
-0.5485485485485486
-0.5465465465465467
-0.5445445445445445
-0.5425425425425425
-0.5405405405405406
-0.5385385385385386
-0.5365365365365367
-0.5345345345345345
-0.5325325325325325
-0.5305305305305306
-0.5285285285285286
-0.5265265265265264
-0.5245245245245245
-0.5225225225225225
-0.5205205205205206
-0.5185185185185186
-0.5165165165165164
-0.5145145145145145
-0.5125125125125125
-0.5105105105105106
-0.5085085085085086
-0.5065065065065064
-0.5045045045045045
-0.5025025025025025
-0.5005005005005005
-0.4984984984984986
-0.4964964964964964
-0.49449449449449445
-0.4924924924924925
-0.49049049049049054
-0.4884884884884886
-0.4864864864864864
-0.48448448448448445
-0.4824824824824825
-0.48048048048048053
-0.4784784784784786
-0.4764764764764764
-0.47447447447447444
-0.4724724724724725
-0.4704704704704705
-0.46846846846846857
-0.4664664664664664
-0.46446446446446443
-0.4624624624624625
-0.4604604604604605
-0.45845845845845856
-0.4564564564564564
-0.4544544544544544
-0.45245245245245247
-0.4504504504504505
-0.44844844844844856
-0.4464464464464464
-0.4444444444444444
-0.44244244244244246
-0.4404404404404405
-0.43843843843843855
-0.43643643643643637
-0.4344344344344344
-0.43243243243243246
-0.4304304304304305
-0.42842842842842854
-0.42642642642642636
-0.4244244244244244
-0.42242242242242245
-0.4204204204204205
-0.41841841841841854
-0.41641641641641636
-0.4144144144144144
-0.41241241241241244
-0.4104104104104105
-0.40840840840840853
-0.40640640640640635
-0.4044044044044044
-0.40240240240240244
-0.4004004004004005
-0.3983983983983985
-0.39639639639639634
-0.3943943943943944
-0.39239239239239243
-0.3903903903903905
-0.3883883883883883
-0.38638638638638634
-0.3843843843843844
-0.3823823823823824
-0.38038038038038047
-0.3783783783783783
-0.37637637637637633
-0.3743743743743744
-0.3723723723723724
-0.37037037037037046
-0.3683683683683683
-0.3663663663663663
-0.36436436436436437
-0.3623623623623624
-0.36036036036036045
-0.3583583583583583
-0.3563563563563563
-0.35435435435435436
-0.3523523523523524
-0.35035035035035045
-0.34834834834834827
-0.3463463463463463
-0.34434434434434436
-0.3423423423423424
-0.34034034034034044
-0.33833833833833826
-0.3363363363363363
-0.33433433433433435
-0.3323323323323324
-0.33033033033033044
-0.32832832832832826
-0.3263263263263263
-0.32432432432432434
-0.3223223223223224
-0.32032032032032043
-0.31831831831831825
-0.3163163163163163
-0.31431431431431434
-0.3123123123123124
-0.3103103103103104
-0.30830830830830824
-0.3063063063063063
-0.30430430430430433
-0.3023023023023024
-0.3003003003003004
-0.29829829829829824
-0.2962962962962963
-0.2942942942942943
-0.29229229229229237
-0.2902902902902904
-0.28828828828828823
-0.2862862862862863
-0.2842842842842843
-0.28228228228228236
-0.2802802802802804
-0.2782782782782782
-0.27627627627627627
-0.2742742742742743
-0.27227227227227235
-0.2702702702702702
-0.2682682682682682
-0.26626626626626626
-0.2642642642642643
-0.26226226226226235
-0.26026026026026017
-0.2582582582582582
-0.25625625625625625
-0.2542542542542543
-0.25225225225225234
-0.25025025025025016
-0.2482482482482482
-0.24624624624624625
-0.2442442442442443
-0.24224224224224233
-0.24024024024024015
-0.2382382382382382
-0.23623623623623624
-0.23423423423423428
-0.23223223223223233
-0.23023023023023015
-0.2282282282282282
-0.22622622622622623
-0.22422422422422428
-0.22222222222222232
-0.22022022022022014
-0.21821821821821819
-0.21621621621621623
-0.21421421421421427
-0.21221221221221231
-0.21021021021021014
-0.20820820820820818
-0.20620620620620622
-0.20420420420420426
-0.2022022022022023
-0.20020020020020013
-0.19819819819819817
-0.19619619619619622
-0.19419419419419426
-0.1921921921921923
-0.19019019019019012
-0.18818818818818817
-0.1861861861861862
-0.18418418418418425
-0.1821821821821823
-0.18018018018018012
-0.17817817817817816
-0.1761761761761762
-0.17417417417417425
-0.1721721721721723
-0.1701701701701701
-0.16816816816816815
-0.1661661661661662
-0.16416416416416424
-0.16216216216216228
-0.1601601601601601
-0.15815815815815815
-0.1561561561561562
-0.15415415415415423
-0.15215215215215228
-0.1501501501501501
-0.14814814814814814
-0.14614614614614618
-0.14414414414414423
-0.14214214214214227
-0.1401401401401401
-0.13813813813813813
-0.13613613613613618
-0.13413413413413422
-0.13213213213213204
-0.13013013013013008
-0.12812812812812813
-0.12612612612612617
-0.12412412412412421
-0.12212212212212203
-0.12012012012012008
-0.11811811811811812
-0.11611611611611616
-0.1141141141141142
-0.11211211211211203
-0.11011011011011007
-0.10810810810810811
-0.10610610610610616
-0.1041041041041042
-0.10210210210210202
-0.10010010010010006
-0.09809809809809811
-0.09609609609609615
-0.0940940940940942
-0.09209209209209201
-0.09009009009009006
-0.0880880880880881
-0.08608608608608614
-0.08408408408408419
-0.08208208208208201
-0.08008008008008005
-0.0780780780780781
-0.07607607607607614
-0.07407407407407418
-0.072072072072072
-0.07007007007007005
-0.06806806806806809
-0.06606606606606613
-0.06406406406406417
-0.062062062062061996
-0.06006006006006004
-0.05805805805805808
-0.056056056056056125
-0.05405405405405417
-0.05205205205205199
-0.05005005005005003
-0.048048048048048075
-0.04604604604604612
-0.04404404404404416
-0.04204204204204198
-0.040040040040040026
-0.03803803803803807
-0.03603603603603611
-0.034034034034034155
-0.032032032032031976
-0.03003003003003002
-0.028028028028028062
-0.026026026026026106
-0.02402402402402415
-0.02202202202202197
-0.020020020020020013
-0.018018018018018056
-0.0160160160160161
-0.01401401401401392
-0.012012012012011963
-0.010010010010010006
-0.00800800800800805
-0.006006006006006093
-0.004004004004003914
-0.002002002002001957
0.0
0.002002002002002179
0.004004004004003914
0.006006006006006093
0.008008008008007828
0.010010010010010006
0.012012012012012185
0.01401401401401392
0.0160160160160161
0.018018018018017834
0.020020020020020013
0.022022022022022192
0.024024024024023927
0.026026026026026106
0.02802802802802784
0.03003003003003002
0.0320320320320322
0.03403403403403393
0.03603603603603611
0.03803803803803785
0.040040040040040026
0.042042042042042205
0.04404404404404394
0.04604604604604612
0.04804804804804785
0.05005005005005003
0.05205205205205221
0.054054054054053946
0.056056056056056125
0.05805805805805786
0.06006006006006004
0.06206206206206222
0.06406406406406395
0.06606606606606613
0.06806806806806787
0.07007007007007005
0.07207207207207222
0.07407407407407396
0.07607607607607614
0.07807807807807787
0.08008008008008005
0.08208208208208223
0.08408408408408397
0.08608608608608614
0.08808808808808788
0.09009009009009006
0.09209209209209224
0.09409409409409397
0.09609609609609615
0.09809809809809789
0.10010010010010006
0.10210210210210224
0.10410410410410398
0.10610610610610616
0.10810810810810789
0.11011011011011007
0.11211211211211225
0.11411411411411398
0.11611611611611616
0.1181181181181179
0.12012012012012008
0.12212212212212226
0.12412412412412399
0.12612612612612617
0.1281281281281279
0.13013013013013008
0.13213213213213226
0.134134134134134
0.13613613613613618
0.1381381381381379
0.1401401401401401
0.14214214214214227
0.144144144144144
0.14614614614614618
0.14814814814814792
0.1501501501501501
0.15215215215215228
0.154154154154154
0.1561561561561562
0.15815815815815792
0.1601601601601601
0.16216216216216228
0.16416416416416402
0.1661661661661662
0.16816816816816793
0.1701701701701701
0.1721721721721723
0.17417417417417402
0.1761761761761762
0.17817817817817794
0.18018018018018012
0.1821821821821823
0.18418418418418403
0.1861861861861862
0.1881881881881884
0.19019019019019012
0.1921921921921923
0.19419419419419404
0.19619619619619622
0.1981981981981984
0.20020020020020013
0.2022022022022023
0.20420420420420404
0.20620620620620622
0.2082082082082084
0.21021021021021014
0.21221221221221231
0.21421421421421405
0.21621621621621623
0.2182182182182184
0.22022022022022014
0.22222222222222232
0.22422422422422406
0.22622622622622623
0.2282282282282284
0.23023023023023015
0.23223223223223233
0.23423423423423406
0.23623623623623624
0.23823823823823842
0.24024024024024015
0.24224224224224233
0.24424424424424407
0.24624624624624625
0.24824824824824843
0.25025025025025016
0.25225225225225234
0.2542542542542541
0.25625625625625625
0.25825825825825843
0.26026026026026017
0.26226226226226235
0.2642642642642641
0.26626626626626626
0.26826826826826844
0.2702702702702702
0.27227227227227235
0.2742742742742741
0.27627627627627627
0.27827827827827845
0.2802802802802802
0.28228228228228236
0.2842842842842841
0.2862862862862863
0.28828828828828845
0.2902902902902902
0.29229229229229237
0.2942942942942941
0.2962962962962963
0.29829829829829846
0.3003003003003002
0.3023023023023024
0.3043043043043041
0.3063063063063063
0.30830830830830847
0.3103103103103102
0.3123123123123124
0.3143143143143141
0.3163163163163163
0.31831831831831847
0.3203203203203202
0.3223223223223224
0.3243243243243241
0.3263263263263263
0.3283283283283285
0.3303303303303302
0.3323323323323324
0.3343343343343341
0.3363363363363363
0.3383383383383385
0.3403403403403402
0.3423423423423424
0.34434434434434413
0.3463463463463463
0.3483483483483485
0.3503503503503502
0.3523523523523524
0.35435435435435414
0.3563563563563563
0.3583583583583585
0.36036036036036023
0.3623623623623624
0.36436436436436415
0.3663663663663663
0.3683683683683685
0.37037037037037024
0.3723723723723724
0.37437437437437415
0.37637637637637633
0.3783783783783785
0.38038038038038025
0.3823823823823824
0.38438438438438416
0.38638638638638634
0.3883883883883885
0.39039039039039025
0.39239239239239243
0.39439439439439417
0.39639639639639634
0.3983983983983985
0.40040040040040026
0.40240240240240244
0.40440440440440417
0.40640640640640635
0.40840840840840853
0.41041041041041026
0.41241241241241244
0.4144144144144142
0.41641641641641636
0.41841841841841854
0.42042042042042027
0.42242242242242245
0.4244244244244242
0.42642642642642636
0.42842842842842854
0.4304304304304303
0.43243243243243246
0.43443443443443464
0.43643643643643637
0.43843843843843855
0.4404404404404403
0.44244244244244246
0.44444444444444464
0.4464464464464464
0.44844844844844856
0.4504504504504503
0.45245245245245247
0.45445445445445465
0.4564564564564564
0.45845845845845856
0.4604604604604603
0.4624624624624625
0.46446446446446465
0.4664664664664664
0.46846846846846857
0.4704704704704703
0.4724724724724725
0.47447447447447466
0.4764764764764764
0.4784784784784786
0.4804804804804803
0.4824824824824825
0.48448448448448467
0.4864864864864864
0.4884884884884886
0.4904904904904903
0.4924924924924925
0.4944944944944947
0.4964964964964964
0.4984984984984986
0.5005005005005003
0.5025025025025025
0.5045045045045047
0.5065065065065064
0.5085085085085086
0.5105105105105103
0.5125125125125125
0.5145145145145147
0.5165165165165164
0.5185185185185186
0.5205205205205203
0.5225225225225225
0.5245245245245247
0.5265265265265264
0.5285285285285286
0.5305305305305303
0.5325325325325325
0.5345345345345347
0.5365365365365364
0.5385385385385386
0.5405405405405403
0.5425425425425425
0.5445445445445447
0.5465465465465464
0.5485485485485486
0.5505505505505504
0.5525525525525525
0.5545545545545547
0.5565565565565564
0.5585585585585586
0.5605605605605604
0.5625625625625625
0.5645645645645647
0.5665665665665665
0.5685685685685686
0.5705705705705704
0.5725725725725725
0.5745745745745747
0.5765765765765765
0.5785785785785786
0.5805805805805804
0.5825825825825826
0.5845845845845847
0.5865865865865865
0.5885885885885886
0.5905905905905904
0.5925925925925926
0.5945945945945947
0.5965965965965965
0.5985985985985987
0.6006006006006004
0.6026026026026026
0.6046046046046047
0.6066066066066065
0.6086086086086087
0.6106106106106104
0.6126126126126126
0.6146146146146148
0.6166166166166165
0.6186186186186187
0.6206206206206204
0.6226226226226226
0.6246246246246248
0.6266266266266265
0.6286286286286287
0.6306306306306304
0.6326326326326326
0.6346346346346348
0.6366366366366365
0.6386386386386387
0.6406406406406404
0.6426426426426426
0.6446446446446448
0.6466466466466465
0.6486486486486487
0.6506506506506504
0.6526526526526526
0.6546546546546548
0.6566566566566565
0.6586586586586587
0.6606606606606604
0.6626626626626626
0.6646646646646648
0.6666666666666665
0.6686686686686687
0.6706706706706704
0.6726726726726726
0.6746746746746748
0.6766766766766765
0.6786786786786787
0.6806806806806804
0.6826826826826826
0.6846846846846848
0.6866866866866865
0.6886886886886887
0.6906906906906904
0.6926926926926926
0.6946946946946948
0.6966966966966965
0.6986986986986987
0.7007007007007009
0.7027027027027026
0.7047047047047048
0.7067067067067065
0.7087087087087087
0.7107107107107109
0.7127127127127126
0.7147147147147148
0.7167167167167166
0.7187187187187187
0.7207207207207209
0.7227227227227226
0.7247247247247248
0.7267267267267266
0.7287287287287287
0.7307307307307309
0.7327327327327327
0.7347347347347348
0.7367367367367366
0.7387387387387387
0.7407407407407409
0.7427427427427427
0.7447447447447448
0.7467467467467466
0.7487487487487487
0.7507507507507509
0.7527527527527527
0.7547547547547548
0.7567567567567566
0.7587587587587588
0.7607607607607609
0.7627627627627627
0.7647647647647648
0.7667667667667666
0.7687687687687688
0.7707707707707709
0.7727727727727727
0.7747747747747749
0.7767767767767766
0.7787787787787788
0.780780780780781
0.7827827827827827
0.7847847847847849
0.7867867867867866
0.7887887887887888
0.790790790790791
0.7927927927927927
0.7947947947947949
0.7967967967967966
0.7987987987987988
0.800800800800801
0.8028028028028027
0.8048048048048049
0.8068068068068066
0.8088088088088088
0.810810810810811
0.8128128128128127
0.8148148148148149
0.8168168168168166
0.8188188188188188
0.820820820820821
0.8228228228228227
0.8248248248248249
0.8268268268268266
0.8288288288288288
0.830830830830831
0.8328328328328327
0.8348348348348349
0.8368368368368366
0.8388388388388388
0.840840840840841
0.8428428428428427
0.8448448448448449
0.8468468468468466
0.8488488488488488
0.850850850850851
0.8528528528528527
0.8548548548548549
0.8568568568568566
0.8588588588588588
0.860860860860861
0.8628628628628627
0.8648648648648649
0.8668668668668666
0.8688688688688688
0.870870870870871
0.8728728728728727
0.8748748748748749
0.8768768768768767
0.8788788788788788
0.880880880880881
0.8828828828828827
0.8848848848848849
0.8868868868868867
0.8888888888888888
0.890890890890891
0.8928928928928928
0.8948948948948949
0.8968968968968967
0.8988988988988988
0.900900900900901
0.9029029029029028
0.9049049049049049
0.9069069069069067
0.9089089089089089
0.910910910910911
0.9129129129129128
0.914914914914915
0.9169169169169167
0.9189189189189189
0.920920920920921
0.9229229229229228
0.924924924924925
0.9269269269269267
0.9289289289289289
0.930930930930931
0.9329329329329328
0.934934934934935
0.9369369369369367
0.9389389389389389
0.940940940940941
0.9429429429429428
0.944944944944945
0.9469469469469471
0.9489489489489489
0.9509509509509511
0.9529529529529528
0.954954954954955
0.9569569569569571
0.9589589589589589
0.9609609609609611
0.9629629629629628
0.964964964964965
0.9669669669669672
0.9689689689689689
0.9709709709709711
0.9729729729729728
0.974974974974975
0.9769769769769772
0.9789789789789789
0.9809809809809811
0.9829829829829828
0.984984984984985
0.9869869869869872
0.9889889889889889
0.9909909909909911
0.9929929929929928
0.994994994994995
0.9969969969969972
0.9989989989989989
1.001001001001001
1.0030030030030028
1.005005005005005
1.0070070070070072
1.009009009009009
1.011011011011011
1.0130130130130128
1.015015015015015
1.0170170170170172
1.019019019019019
1.021021021021021
1.0230230230230228
1.025025025025025
1.0270270270270272
1.029029029029029
1.031031031031031
1.0330330330330328
1.035035035035035
1.0370370370370372
1.039039039039039
1.0410410410410411
1.0430430430430429
1.045045045045045
1.0470470470470472
1.049049049049049
1.0510510510510511
1.0530530530530529
1.055055055055055
1.0570570570570572
1.059059059059059
1.0610610610610611
1.0630630630630629
1.065065065065065
1.0670670670670672
1.069069069069069
1.0710710710710711
1.0730730730730729
1.075075075075075
1.0770770770770772
1.079079079079079
1.0810810810810811
1.0830830830830829
1.085085085085085
1.0870870870870872
1.089089089089089
1.0910910910910911
1.0930930930930929
1.095095095095095
1.0970970970970972
1.099099099099099
1.1011011011011012
1.1031031031031029
1.105105105105105
1.1071071071071072
1.109109109109109
1.1111111111111112
1.113113113113113
1.115115115115115
1.1171171171171173
1.119119119119119
1.1211211211211212
1.123123123123123
1.125125125125125
1.1271271271271273
1.129129129129129
1.1311311311311312
1.133133133133133
1.135135135135135
1.1371371371371373
1.139139139139139
1.1411411411411412
1.143143143143143
1.145145145145145
1.1471471471471473
1.149149149149149
1.1511511511511512
1.153153153153153
1.155155155155155
1.1571571571571573
1.159159159159159
1.1611611611611612
1.163163163163163
1.165165165165165
1.1671671671671673
1.169169169169169
1.1711711711711712
1.173173173173173
1.1751751751751751
1.1771771771771773
1.179179179179179
1.1811811811811812
1.183183183183183
1.1851851851851851
1.1871871871871873
1.189189189189189
1.1911911911911912
1.193193193193193
1.1951951951951951
1.1971971971971973
1.199199199199199
1.2012012012012012
1.203203203203203
1.2052052052052051
1.2072072072072073
1.209209209209209
1.2112112112112112
1.2132132132132134
1.2152152152152151
1.2172172172172173
1.219219219219219
1.2212212212212212
1.2232232232232234
1.2252252252252251
1.2272272272272273
1.229229229229229
1.2312312312312312
1.2332332332332334
1.2352352352352352
1.2372372372372373
1.239239239239239
1.2412412412412412
1.2432432432432434
1.2452452452452452
1.2472472472472473
1.249249249249249
1.2512512512512513
1.2532532532532534
1.2552552552552552
1.2572572572572573
1.259259259259259
1.2612612612612613
1.2632632632632634
1.2652652652652652
1.2672672672672673
1.269269269269269
1.2712712712712713
1.2732732732732734
1.2752752752752752
1.2772772772772774
1.279279279279279
1.2812812812812813
1.2832832832832834
1.2852852852852852
1.2872872872872874
1.289289289289289
1.2912912912912913
1.2932932932932935
1.2952952952952952
1.2972972972972974
1.299299299299299
1.3013013013013013
1.3033033033033035
1.3053053053053052
1.3073073073073074
1.309309309309309
1.3113113113113113
1.3133133133133135
1.3153153153153152
1.3173173173173174
1.3193193193193191
1.3213213213213213
1.3233233233233235
1.3253253253253252
1.3273273273273274
1.3293293293293291
1.3313313313313313
1.3333333333333335
1.3353353353353352
1.3373373373373374
1.3393393393393391
1.3413413413413413
1.3433433433433435
1.3453453453453452
1.3473473473473474
1.3493493493493491
1.3513513513513513
1.3533533533533535
1.3553553553553552
1.3573573573573574
1.3593593593593591
1.3613613613613613
1.3633633633633635
1.3653653653653652
1.3673673673673674
1.3693693693693691
1.3713713713713713
1.3733733733733735
1.3753753753753752
1.3773773773773774
1.3793793793793792
1.3813813813813813
1.3833833833833835
1.3853853853853852
1.3873873873873874
1.3893893893893892
1.3913913913913913
1.3933933933933935
1.3953953953953953
1.3973973973973974
1.3993993993993992
1.4014014014014013
1.4034034034034035
1.4054054054054053
1.4074074074074074
1.4094094094094092
1.4114114114114114
1.4134134134134135
1.4154154154154153
1.4174174174174174
1.4194194194194192
1.4214214214214214
1.4234234234234235
1.4254254254254253
1.4274274274274275
1.4294294294294292
1.4314314314314314
1.4334334334334335
1.4354354354354353
1.4374374374374375
1.4394394394394392
1.4414414414414414
1.4434434434434436
1.4454454454454453
1.4474474474474475
1.4494494494494492
1.4514514514514514
1.4534534534534536
1.4554554554554553
1.4574574574574575
1.4594594594594597
1.4614614614614614
1.4634634634634636
1.4654654654654653
1.4674674674674675
1.4694694694694697
1.4714714714714714
1.4734734734734736
1.4754754754754753
1.4774774774774775
1.4794794794794797
1.4814814814814814
1.4834834834834836
1.4854854854854853
1.4874874874874875
1.4894894894894897
1.4914914914914914
1.4934934934934936
1.4954954954954953
1.4974974974974975
1.4994994994994997
1.5015015015015014
1.5035035035035036
1.5055055055055053
1.5075075075075075
1.5095095095095097
1.5115115115115114
1.5135135135135136
1.5155155155155153
1.5175175175175175
1.5195195195195197
1.5215215215215214
1.5235235235235236
1.5255255255255253
1.5275275275275275
1.5295295295295297
1.5315315315315314
1.5335335335335336
1.5355355355355353
1.5375375375375375
1.5395395395395397
1.5415415415415414
1.5435435435435436
1.5455455455455454
1.5475475475475475
1.5495495495495497
1.5515515515515514
1.5535535535535536
1.5555555555555554
1.5575575575575575
1.5595595595595597
1.5615615615615615
1.5635635635635636
1.5655655655655654
1.5675675675675675
1.5695695695695697
1.5715715715715715
1.5735735735735736
1.5755755755755754
1.5775775775775776
1.5795795795795797
1.5815815815815815
1.5835835835835836
1.5855855855855854
1.5875875875875876
1.5895895895895897
1.5915915915915915
1.5935935935935936
1.5955955955955954
1.5975975975975976
1.5995995995995997
1.6016016016016015
1.6036036036036037
1.6056056056056054
1.6076076076076076
1.6096096096096097
1.6116116116116115
1.6136136136136137
1.6156156156156154
1.6176176176176176
1.6196196196196198
1.6216216216216215
1.6236236236236237
1.6256256256256254
1.6276276276276276
1.6296296296296298
1.6316316316316315
1.6336336336336337
1.6356356356356354
1.6376376376376376
1.6396396396396398
1.6416416416416415
1.6436436436436437
1.6456456456456454
1.6476476476476476
1.6496496496496498
1.6516516516516515
1.6536536536536537
1.6556556556556554
1.6576576576576576
1.6596596596596598
1.6616616616616615
1.6636636636636637
1.6656656656656654
1.6676676676676676
1.6696696696696698
1.6716716716716715
1.6736736736736737
1.6756756756756754
1.6776776776776776
1.6796796796796798
1.6816816816816815
1.6836836836836837
1.6856856856856854
1.6876876876876876
1.6896896896896898
1.6916916916916915
1.6936936936936937
1.6956956956956954
1.6976976976976976
1.6996996996996998
1.7017017017017015
1.7037037037037037
1.7057057057057055
1.7077077077077076
1.7097097097097098
1.7117117117117115
1.7137137137137137
1.7157157157157155
1.7177177177177176
1.7197197197197198
1.7217217217217216
1.7237237237237237
1.725725725725726
1.7277277277277276
1.7297297297297298
1.7317317317317316
1.7337337337337337
1.735735735735736
1.7377377377377377
1.7397397397397398
1.7417417417417416
1.7437437437437437
1.745745745745746
1.7477477477477477
1.7497497497497498
1.7517517517517516
1.7537537537537538
1.755755755755756
1.7577577577577577
1.7597597597597598
1.7617617617617616
1.7637637637637638
1.765765765765766
1.7677677677677677
1.7697697697697699
1.7717717717717716
1.7737737737737738
1.775775775775776
1.7777777777777777
1.7797797797797799
1.7817817817817816
1.7837837837837838
1.785785785785786
1.7877877877877877
1.7897897897897899
1.7917917917917916
1.7937937937937938
1.795795795795796
1.7977977977977977
1.7997997997997999
1.8018018018018016
1.8038038038038038
1.805805805805806
1.8078078078078077
1.8098098098098099
1.8118118118118116
1.8138138138138138
1.815815815815816
1.8178178178178177
1.8198198198198199
1.8218218218218216
1.8238238238238238
1.825825825825826
1.8278278278278277
1.82982982982983
1.8318318318318316
1.8338338338338338
1.835835835835836
1.8378378378378377
1.83983983983984
1.8418418418418416
1.8438438438438438
1.845845845845846
1.8478478478478477
1.84984984984985
1.8518518518518516
1.8538538538538538
1.855855855855856
1.8578578578578577
1.85985985985986
1.8618618618618616
1.8638638638638638
1.865865865865866
1.8678678678678677
1.86986986986987
1.8718718718718717
1.8738738738738738
1.875875875875876
1.8778778778778777
1.87987987987988
1.8818818818818817
1.8838838838838838
1.885885885885886
1.8878878878878878
1.88988988988989
1.8918918918918917
1.8938938938938938
1.895895895895896
1.8978978978978978
1.8998998998999
1.9019019019019017
1.9039039039039038
1.905905905905906
1.9079079079079078
1.90990990990991
1.9119119119119117
1.9139139139139139
1.915915915915916
1.9179179179179178
1.91991991991992
1.9219219219219217
1.9239239239239239
1.925925925925926
1.9279279279279278
1.92992992992993
1.9319319319319317
1.9339339339339339
1.935935935935936
1.9379379379379378
1.93993993993994
1.9419419419419417
1.9439439439439439
1.945945945945946
1.9479479479479478
1.94994994994995
1.9519519519519517
1.9539539539539539
1.955955955955956
1.9579579579579578
1.95995995995996
1.9619619619619617
1.9639639639639639
1.965965965965966
1.9679679679679678
1.96996996996997
1.9719719719719722
1.973973973973974
1.975975975975976
1.9779779779779778
1.97997997997998
1.9819819819819822
1.983983983983984
1.985985985985986
1.9879879879879878
1.98998998998999
1.9919919919919922
1.993993993993994
1.995995995995996
1.9979979979979978
2.0
